

access = [400 500, 600, 700];
hit = [642, 798, 956, 1113]
